Number of points found: 30
Points:
[[-1 -1  0  0  0  0  0  0  0  0  0]
 [ 1  1  0  0  0  0  0  0  0  0  0]
 [-1  1 -1 -1  0  0  0  0  0  0  0]
 [ 1 -1 -1 -1  0  0  0  0  0  0  0]
 [-1  1  1  1  0  0  0  0  0  0  0]
 [ 1 -1  1  1  0  0  0  0  0  0  0]
 [ 0  0 -1  1 -1 -1  0  0  0  0  0]
 [ 0  0  1 -1 -1 -1  0  0  0  0  0]
 [ 0  0 -1  1  1  1  0  0  0  0  0]
 [ 0  0  1 -1  1  1  0  0  0  0  0]
 [ 0  0 -1  0  1 -1 -1  0  0  0  0]
 [ 0  0 -1  0 -1  1 -1  0  0  0  0]
 [ 0  0  1  0  1 -1  1  0  0  0  0]
 [ 0  0  1  0 -1  1  1  0  0  0  0]
 [ 0  0 -1  0  0  0  1 -1 -1  0  0]
 [ 0  0  1  0  0  0 -1 -1 -1  0  0]
 [ 0  0 -1  0  0  0  1  1  1  0  0]
 [ 0  0  1  0  0  0 -1  1  1  0  0]
 [ 0  0 -1  0  0  0  0  1 -1 -1  0]
 [ 0  0 -1  0  0  0  0 -1  1 -1  0]
 [ 0  0  1  0  0  0  0  1 -1  1  0]
 [ 0  0  1  0  0  0  0 -1  1  1  0]
 [ 0  0  0 -1  0  0 -1  0  0 -1 -1]
 [ 0  0  0  1  0  0  1  0  0 -1 -1]
 [ 0  0  0 -1  0  0  1  0  0  1 -1]
 [ 0  0  0  1  0  0 -1  0  0  1 -1]
 [ 0  0  0 -1  0  0  1  0  0 -1  1]
 [ 0  0  0  1  0  0 -1  0  0 -1  1]
 [ 0  0  0 -1  0  0 -1  0  0  1  1]
 [ 0  0  0  1  0  0  1  0  0  1  1]]
Number of points found: 220
Points:
[[ 1  1  0 ...  0  0  0]
 [ 1 -1  0 ...  0  0  0]
 [-1  1  0 ...  0  0  0]
 ...
 [ 0  0  0 ...  0  1 -1]
 [ 0  0  0 ...  0 -1  1]
 [ 0  0  0 ...  0 -1 -1]]
Number of points: 276
Points:
[[-1 -1  0 ...  0  0  0]
 [-1  1  0 ...  0  0  0]
 [ 1 -1  0 ...  0  0  0]
 ...
 [ 0  0  0 ... -1  0  1]
 [ 0  0  0 ...  1  0 -1]
 [ 0  0  0 ...  1  0  1]]
Number of points: 220
Points:
[[-1 -1  0 ...  0  0  0]
 [-1  1  0 ...  0  0  0]
 [ 1 -1  0 ...  0  0  0]
 ...
 [ 0  0  0 ...  0 -1  1]
 [ 0  0  0 ...  0  1 -1]
 [ 0  0  0 ...  0  1  1]]
Number of points found: 220
Points:
[[ 1  1  0 ...  0  0  0]
 [ 1 -1  0 ...  0  0  0]
 [-1  1  0 ...  0  0  0]
 ...
 [ 0  0  0 ...  0  1 -1]
 [ 0  0  0 ...  0 -1  1]
 [ 0  0  0 ...  0 -1 -1]]
Number of points: 276
Points:
[[-1 -1  0 ...  0  0  0]
 [-1  1  0 ...  0  0  0]
 [ 1 -1  0 ...  0  0  0]
 ...
 [ 0  0  0 ... -1  0  1]
 [ 0  0  0 ...  1  0 -1]
 [ 0  0  0 ...  1  0  1]]
Number of points found: 439
Number of points found: 439
Points:
[[ 0  0  0 ...  0  0  0]
 [-2  0  0 ...  0  0  0]
 [ 2  0  0 ...  0  0  0]
 ...
 [ 0  0  0 ... -1  1  0]
 [ 0  0  0 ...  1 -1  0]
 [ 0  0  0 ...  1  1  0]]
Number of points: 20
Number of points: 20
Number of points found: 220
Points:
[[-1 -1  0 ...  0  0  0]
 [-1  1  0 ...  0  0  0]
 [ 1 -1  0 ...  0  0  0]
 ...
 [ 0  0  0 ...  0 -1  1]
 [ 0  0  0 ...  0  1 -1]
 [ 0  0  0 ...  0  1  1]]
Number of points found: 220
Points:
[[-1 -1  0 ...  0  0  0]
 [-1  1  0 ...  0  0  0]
 [ 1 -1  0 ...  0  0  0]
 ...
 [ 0  0  0 ...  0 -1  1]
 [ 0  0  0 ...  0  1 -1]
 [ 0  0  0 ...  0  1  1]]
Number of points: 1747

Evolution complete!
Best program metrics:
  num_points: 282.0000
  combined_score: 0.4755
  eval_time: 1.0907

Latest checkpoint saved at: experiments/factorial_ab_kissing_v2/control_full_run_302/checkpoints/checkpoint_50
To resume, use: --checkpoint experiments/factorial_ab_kissing_v2/control_full_run_302/checkpoints/checkpoint_50
